%YAML:1.0

# Camera parameters


type: pinhole

K: !!opencv-matrix
   rows: 3
   cols: 3
   dt: d
   data: [ 471.91488,  0,  268.10166,  0,  473.56227,  224.59681,  0,  0,  1 ]

pose: !!opencv-matrix
   rows: 4
   cols: 4
   dt: d
   #data: [ 0.68235178,  0.007249864,  -0.73098802,  736.89543,  -0.028084773,  0.99947258,  -0.016303488,  0.40539414,  0.73048429,  0.031654347,  0.68219551,  188.0904,  0,  0,  0,  1 ]
   data: [ 0.9928318,  0.020546637,  -0.11774062,  -29.159576,  0.087718269,  0.54385847,  0.83457982,  241.44025,  0.081182044,  -0.83892539,  0.53815766,  55.903939,  0,  0,  0,  1 ]

image_size:
   rows: 480
   cols: 640
